443
1443
2443
3443
4443
5443
6443
7443
8443
9443
10443
11443
13443
14443
15443
16443
17443
18443
19443
20443
21443
22443
23443
24443
25443
26443
27443
28443
29443
22
222
2222
80
81
21
445
446
504
515
1
2
3
5
7
9
11
13
15
16
17
18
19
20
23
24
25
27
28
29
30
31
33
35
37
38
39
41
42
43
44
45
46
47
48
49
50
51
52
53
54
55
551
56
57
58
59
61
62
63
64
65
66
67
68
69
70
71
72
73
74
75
76
77
78
82
83
84
85
86
87
88
89
90
91
92
93
94
95
96
97
98
99
101
102
103
104
105
106
107
108
109
110
111
112
113
114
115
116
117
118
119
120
121
122
123
124
125
126
127
128
129
130
131
132
133
134
135
136
137
138
139
140
141
142
143
144
145
146
147
148
149
150
151
152
153
154
155
156
157
158
159
160
161
162
163
164
165
166
167
168
169
170
8206
8207
8208
8351
8376
8377
8378
8379
8380
8400
8401
8402
8403
8450
8473
8554
8733
8763
8764
8765
8804
8880
8888
8889
8890
8891
8892
8893
8894
8900
8901
9000
9090
9160
9161
9162
9163
9164
9200
9201
9202
9203
9204
9205
9206
9207
9321
9325
9343
9344
9374
9396
9397
9500
9535
9594
9595
9600
9753
9876
9888
9898
9899
9900
9909
9950
9951
9952
9992
9993
9994
9995
9996
9997
9998
9999
10000
10001
10002
10003
10004
10005
10006
10007
10008
10009
10010
10011
10012
10067
10080
10113
10114
10115
10128
10167
10288
10498
11000
11001
11111
11367
11487
11720
12000
12001
12002
12003
12004
12172
12753
13160
13223
13224
13720
13721
13722
13782
13783
13818
13819
13820
13821
13822
14001
14238
16360
16361
16367
16368
16991
17007
17219
18000
18181
18182
18183
18184
18185
18187
18463
18753
18888
19283
19315
19410
19411
19412
19541
20000
20432
20670
20999
21590
21845
21846
21847
21848
21849
22000
22001
22273
22555
22800
22951
24000
24001
24002
24003
24004
24005
24006
24386
24554
25000
25001
25002
25003
25004
25005
25006
25007
25008
25009
25793
26000
26208
27010
27011
27374
27444
27999
31335
31337
31338
31789
31791
32768
32769
32770
32780
33270
33434
34555
36865
40841
43981
44333
44334
44337
44818
45678
45966
47557
47624
47806
47808
48000
48001
48002
48003
54321
10082
10083
10202
10203
10204
10520
11117
11523
11722
12345
12346
12348
12349
12361
12362
12754
13326
14237
14247
15104
16660
16959
17300
17569
17990
19216
20005
20031
20034
20742
21554
22156
22289
22305
22321
23005
23006
23432
23476
23477
23485
25555
25867
26274
27347
27665
30100
30101
30102
30999
31785
31787
31788
32000
32771
32772
32773
32774
32775
32776
32777
34324
40421
40422
40423
40426
42424
43118
43188
44444
45092
47262
49400
49401
50300
51515
52673
54283
54320
60000
65000
65301
65506
